01    40.850885    -0.065067    126.8
01    40.925635    -0.040200    83.5
01    40.825968    -0.127233    172.2
01    40.950552    -0.139667    90.9
02    41.161216    -0.077461    145.9
02    41.310771    -0.040194    131.4
02    41.111365    -0.127151    111.9
02    41.310771    -0.127151    150.8
03    41.446798    -0.077457    101.1
03    41.621215    -0.040192    146.6
03    41.471715    -0.127144    145.8
03    41.596298    -0.151987    114.0
04    40.695549    -0.241593    96.0
04    40.770281    -0.229154    175.4
04    40.695549    -0.316222    166.2
04    40.845014    -0.303784    150.9
05    41.005909    -0.228851    107.4
05    41.155534    -0.203987    121.8
05    40.980971    -0.278577    214.6
05    41.105659    -0.278577    157.1
06    41.241715    -0.216289    146.0
06    41.416272    -0.203858    149.3
06    41.266652    -0.315743    183.2
06    41.441208    -0.303311    220.5
07    41.626845    -0.204298    103.9
07    41.751395    -0.241593    103.8
07    41.601935    -0.303751    92.8
07    41.776305    -0.303751    125.7
08    40.540210    -0.393546    197.9
08    40.639783    -0.381099    112.3
08    40.490423    -0.443336    150.1
08    40.689570    -0.468231    125.5
09    40.800582    -0.368041    171.0
09    40.925265    -0.405384    110.2
09    40.800582    -0.442726    172.4
09    41.000075    -0.480069    163.1
10    41.086182    -0.368017    122.7
10    41.260914    -0.392921    108.4
10    41.136106    -0.480082    132.0
10    41.235952    -0.442727    129.7
11    41.471759    -0.405406    155.9
11    41.546571    -0.392954    113.0
11    41.396946    -0.467669    101.1
11    41.571509    -0.442764    161.1
12    41.707475    -0.381081    113.7
12    41.856855    -0.381081    110.8
12    41.782165    -0.443322    180.0
12    41.856855    -0.468219    164.6
13    40.384900    -0.570334    114.8
13    40.509300    -0.545425    139.5
13    40.384900    -0.632605    128.3
13    40.484420    -0.620150    142.4
14    40.669842    -0.544958    146.5
14    40.819382    -0.544958    187.1
14    40.669842    -0.607254    122.6
14    40.819382    -0.644631    160.5
15    41.005459    -0.544635    129.8
15    41.130313    -0.532165    141.7
15    40.955517    -0.631925    167.3
15    41.155284    -0.606985    194.2
16    41.266507    -0.532381    162.8
16    41.416332    -0.569804    117.6
16    41.316449    -0.632175    105.2
16    41.466274    -0.619700    141.8
17    41.627279    -0.557375    139.6
17    41.776824    -0.569845    160.3
17    41.577430    -0.607255    129.7
17    41.726975    -0.619725    113.9
18    41.862961    -0.558117    120.3
18    42.061955    -0.545658    134.2
18    41.937584    -0.632872    127.3
18    42.061955    -0.632872    126.0
19    40.359832    -0.734369    74.0
19    40.509047    -0.709454    118.4
19    40.334963    -0.796656    192.3
19    40.533916    -0.796656    90.7
20    40.644649    -0.734372    104.2
20    40.819171    -0.721901    129.6
20    40.669581    -0.809202    97.7
20    40.844102    -0.771787    177.7
21    41.005252    -0.721659    117.9
21    41.105193    -0.734141    167.9
21    40.955283    -0.784071    100.7
21    41.080208    -0.809036    127.6
22    41.266510    -0.709095    155.6
22    41.416415    -0.734075    116.2
22    41.241526    -0.809015    162.2
22    41.441400    -0.796525    118.5
23    41.602661    -0.709440    155.7
23    41.777183    -0.721925    147.5
23    41.577729    -0.771861    166.5
23    41.727319    -0.784345    117.2
24    41.887945    -0.722391    104.0
24    42.037165    -0.722391    85.0
24    41.887945    -0.784749    108.2
24    42.062035    -0.797221    111.3
25    40.229367    -0.873934    99.4
25    40.303953    -0.886391    140.7
25    40.179644    -0.948679    175.6
25    40.328814    -0.961136    132.4
26    40.489390    -0.861325    120.1
26    40.663690    -0.886265    154.3
26    40.464490    -0.948615    92.8
26    40.638790    -0.948615    102.3
27    40.849683    -0.873977    143.7
27    40.974541    -0.861490    178.6
27    40.799739    -0.948897    113.2
27    40.949569    -0.973870    138.8
28    41.111020    -0.861475    144.0
28    41.261020    -0.898965    159.2
28    41.161020    -0.936455    125.0
28    41.311020    -0.961448    150.6
29    41.447062    -0.886748    107.8
29    41.596877    -0.899245    116.9
29    41.472031    -0.974225    138.4
29    41.546939    -0.974225    178.3
30    41.782940    -0.861919    138.6
30    41.907440    -0.861919    143.4
30    41.733140    -0.974291    92.0
30    41.907440    -0.949320    228.4
31    42.018137    -0.886968    125.3
31    42.217004    -0.886968    123.7
31    42.018137    -0.974264    155.6
31    42.167287    -0.936851    183.8
32    40.154560    -1.025626    133.5
32    40.303720    -1.025626    105.6
32    40.204280    -1.137744    134.6
32    40.353440    -1.112829    123.0
33    40.464262    -1.050815    118.8
33    40.663476    -1.050815    185.6
33    40.489164    -1.125635    155.9
33    40.688377    -1.113165    136.4
34    40.774504    -1.038665    113.1
34    40.974310    -1.026179    113.0
34    40.824455    -1.113580    101.2
34    40.949335    -1.101094    126.3
35    41.110660    -1.038808    102.1
35    41.285690    -1.051303    141.2
35    41.135665    -1.113778    103.3
35    41.260685    -1.101282    113.6
36    41.421775    -1.064111    103.2
36    41.621569    -1.064111    115.6
36    41.421775    -1.139086    128.0
36    41.546646    -1.114095    118.5
37    41.782590    -1.051422    133.5
37    41.857290    -1.038933    121.7
37    41.707890    -1.101379    114.4
37    41.931990    -1.126357    138.4
38    42.018064    -1.039047    152.3
38    42.192055    -1.026576    181.6
38    42.018064    -1.101401    180.1
38    42.241766    -1.101401    98.1
39    40.334201    -1.227595    123.3
39    40.533147    -1.190225    118.0
39    40.359069    -1.277422    149.3
39    40.508279    -1.264965    127.3
40    40.619111    -1.215604    119.6
40    40.768756    -1.215604    165.9
40    40.668993    -1.277966    134.5
40    40.843579    -1.277966    92.3
41    41.004975    -1.203398    161.1
41    41.154955    -1.190915    169.3
41    40.954982    -1.303265    180.9
41    41.079965    -1.303265    92.6
42    41.241371    -1.216216    122.1
42    41.391336    -1.203729    131.2
42    41.241371    -1.303629    171.2
42    41.441325    -1.278654    123.8
43    41.602444    -1.191256    115.5
43    41.777012    -1.191256    114.1
43    41.577506    -1.278645    102.3
43    41.752074    -1.303614    110.2
44    41.887831    -1.203643    108.0
44    42.012172    -1.203643    103.2
44    41.937568    -1.266010    122.2
44    42.012172    -1.303430    110.7
45    40.359057    -1.354381    123.3
45    40.458550    -1.366835    133.0
45    40.334183    -1.441560    115.1
45    40.483423    -1.429106    192.6
46    40.618945    -1.392420    139.8
46    40.768565    -1.379960    121.2
46    40.693755    -1.467180    148.2
46    40.843375    -1.467180    145.5
47    40.979955    -1.380455    125.0
47    41.104905    -1.380455    123.7
47    41.004945    -1.442805    96.6
47    41.079915    -1.467745    146.7
48    41.240945    -1.368440    126.0
48    41.465855    -1.368440    156.7
48    41.290925    -1.455770    142.0
48    41.390885    -1.468246    123.2
49    41.577340    -1.368253    115.4
49    41.776826    -1.393191    116.0
49    41.602275    -1.468006    103.8
49    41.776826    -1.468006    104.1
50    41.937421    -1.380394    149.4
50    42.061800    -1.367936    110.9
50    41.862794    -1.467602    142.4
50    42.012049    -1.442686    122.9
51    40.464461    -1.543833    100.6
51    40.613866    -1.556280    143.0
51    40.514263    -1.630960    148.6
51    40.613866    -1.606067    163.4
52    40.849484    -1.532051    149.8
52    40.974255    -1.544499    145.1
52    40.849484    -1.631638    109.0
52    40.949300    -1.606741    144.2
53    41.135603    -1.520016    127.0
53    41.235550    -1.557369    91.0
53    41.085630    -1.619623    117.1
53    41.235550    -1.607172    145.6
54    41.446588    -1.545234    147.5
54    41.546415    -1.545234    107.6
54    41.471545    -1.619949    147.1
54    41.546415    -1.595044    114.1
55    41.757167    -1.544923    140.9
55    41.931461    -1.532477    77.7
55    41.707369    -1.607157    123.3
55    41.881663    -1.607157    143.3
56    40.619644    -1.695848    72.4
56    40.818970    -1.708287    153.1
56    40.669475    -1.770483    132.7
56    40.794055    -1.795361    123.1
57    41.004815    -1.708918    134.7
57    41.079705    -1.708918    113.0
57    41.004815    -1.758641    133.5
57    41.129632    -1.758641    110.0
58    41.240935    -1.684529    162.9
58    41.440642    -1.696961    140.1
58    41.315825    -1.796421    95.8
58    41.440642    -1.796421    131.2
59    41.576632    -1.721610    146.8
59    41.751108    -1.684310    133.1
59    41.601557    -1.796210    94.4
59    41.776033    -1.796210    168.6
60    40.849791    -1.860150    163.0
60    40.974470    -1.885021    172.2
60    40.774984    -1.959636    116.7
60    40.924599    -1.947200    110.2
61    41.085559    -1.885428    161.3
61    41.310131    -1.873006    146.9
61    41.085559    -1.935114    85.1
61    41.260226    -1.947536    131.1
62    41.396347    -1.885661    122.3
62    41.570916    -1.885661    97.2
62    41.471162    -1.947774    116.7
62    41.595854    -1.922929    126.6
