01    36.027801    -3.652943    307.0
01    36.227541    -3.677810    419.3
01    36.027801    -3.715110    259.4
01    36.227541    -3.715110    434.2
02    36.413665    -3.677921    279.8
02    36.538548    -3.653076    256.1
02    36.388688    -3.727611    443.0
02    36.563525    -3.740034    348.9
03    36.649890    -3.653116    400.4
03    36.824657    -3.677961    399.3
03    36.724790    -3.740074    358.4
03    36.874590    -3.715229    343.2
04    35.897015    -3.841782    251.8
04    36.096741    -3.816906    273.9
04    35.872049    -3.879098    355.2
04    36.096741    -3.903974    358.2
05    36.183019    -3.816819    423.0
05    36.357966    -3.829251    294.9
05    36.208011    -3.916273    131.0
05    36.332974    -3.916273    211.0
06    36.569292    -3.816789    420.6
06    36.644267    -3.804358    249.0
06    36.569292    -3.903811    282.0
06    36.719243    -3.903811    273.5
07    36.880299    -3.842083    331.4
07    36.980155    -3.829651    516.6
07    36.805406    -3.891809    283.2
07    36.980155    -3.904241    385.0
08    35.766194    -4.006044    507.8
08    35.890956    -3.981149    425.0
08    35.791146    -4.043386    569.3
08    35.890956    -4.043386    465.2
09    36.052130    -4.005694    300.4
09    36.252096    -3.980799    340.0
09    36.027134    -4.067931    264.9
09    36.227100    -4.055484    241.1
10    36.338421    -3.980929    239.7
10    36.488546    -3.980929    260.5
10    36.413484    -4.055639    367.8
10    36.563609    -4.055639    248.5
11    36.674912    -3.968559    251.0
11    36.874885    -3.993464    262.5
11    36.674912    -4.055726    288.7
11    36.799895    -4.068179    319.4
12    37.011095    -3.969074    250.0
12    37.160830    -3.981523    252.3
12    36.961184    -4.068667    319.8
12    37.185786    -4.043769    345.4
13    35.585418    -4.157760    402.2
13    35.710135    -4.145305    423.0
13    35.610362    -4.207576    378.3
13    35.784965    -4.220030    340.3
14    35.945960    -4.157610    262.0
14    36.045907    -4.170070    283.0
14    35.871000    -4.232370    269.1
14    36.095880    -4.219910    395.5
15    36.232420    -4.169969    247.4
15    36.407659    -4.157498    332.1
15    36.232420    -4.207381    581.2
15    36.332556    -4.219852    337.2
16    36.519168    -4.170304    355.1
16    36.694413    -4.157830    478.5
16    36.569237    -4.220200    266.9
16    36.694413    -4.232675    364.7
17    36.855879    -4.132925    239.0
17    37.030798    -4.157865    301.7
17    36.880868    -4.207745    308.3
17    36.955833    -4.232685    379.3
18    37.191966    -4.170950    337.5
18    37.341601    -4.170950    315.3
18    37.191966    -4.208330    339.2
18    37.266784    -4.208330    315.6
19    35.560136    -4.321791    329.2
19    35.734699    -4.321791    463.1
19    35.634949    -4.371621    355.0
19    35.784574    -4.371621    440.3
20    35.945606    -4.334566    262.4
20    36.045603    -4.334566    343.1
20    35.895608    -4.384456    328.1
20    36.095601    -4.371984    416.6
21    36.257194    -4.322059    366.5
21    36.407519    -4.309576    282.3
21    36.207085    -4.384471    424.0
21    36.332356    -4.384471    539.5
22    36.519171    -4.322085    500.5
22    36.719591    -4.309595    263.9
22    36.544224    -4.384535    296.6
22    36.669486    -4.397025    319.8
23    36.806250    -4.334899    269.6
23    37.006250    -4.334899    365.0
23    36.856250    -4.372351    380.5
23    36.956250    -4.372351    347.0
24    37.117378    -4.335236    369.4
24    37.267008    -4.310291    362.0
24    37.142316    -4.385126    403.2
24    37.316884    -4.372654    603.1
25    35.404200    -4.486081    274.0
25    35.553800    -4.473624    389.0
25    35.479000    -4.560826    357.6
25    35.628600    -4.560826    346.2
26    35.789726    -4.486315    577.3
26    35.864644    -4.473845    310.4
26    35.764754    -4.548665    292.7
26    35.939561    -4.536195    416.0
27    36.051043    -4.474287    284.9
27    36.201313    -4.499260    588.9
27    36.076087    -4.549207    534.8
27    36.226357    -4.549207    410.6
28    36.388300    -4.499431    270.9
28    36.488596    -4.499431    345.5
28    36.388300    -4.549415    303.9
28    36.488596    -4.536919    220.7
29    36.700252    -4.487248    438.5
29    36.825468    -4.499745    381.5
29    36.650165    -4.549732    405.7
29    36.875555    -4.562228    264.5
30    37.012144    -4.499826    259.6
30    37.137006    -4.487340    247.1
30    36.962199    -4.537284    384.3
30    37.161979    -4.537284    244.6
31    37.272997    -4.462315    250.0
31    37.447519    -4.474785    322.6
31    37.322861    -4.562075    264.2
31    37.472451    -4.562075    294.7
32    35.403775    -4.662685    504.0
32    35.603268    -4.662685    308.8
32    35.403775    -4.700055    411.2
32    35.603268    -4.712512    338.2
33    35.789372    -4.638397    300.4
33    35.939242    -4.638397    310.9
33    35.789372    -4.725693    387.0
33    35.889286    -4.700751    256.5
34    36.075747    -4.651460    537.2
34    36.201013    -4.663946    265.6
34    36.025640    -4.701404    349.8
34    36.251120    -4.713890    427.8
35    36.413001    -4.664258    427.4
35    36.563496    -4.664258    233.1
35    36.362836    -4.701742    279.9
35    36.563496    -4.701742    413.7
36    36.649869    -4.639630    232.9
36    36.825236    -4.627134    255.0
36    36.649869    -4.702109    248.5
36    36.850289    -4.714605    257.5
37    36.961926    -4.651865    352.0
37    37.136769    -4.651865    435.9
37    37.036859    -4.714315    236.2
37    37.186724    -4.701825    323.9
38    37.273060    -4.639335    306.4
38    37.422660    -4.639335    321.3
38    37.297993    -4.726625    377.5
38    37.497460    -4.701685    243.5
39    35.583805    -4.827475    352.3
39    35.783405    -4.815018    429.5
39    35.558855    -4.889758    297.8
39    35.733505    -4.889758    329.9
40    35.894676    -4.790849    251.0
40    36.094856    -4.803321    275.6
40    35.944721    -4.890629    290.7
40    36.019789    -4.890629    331.8
41    36.181548    -4.816282    256.2
41    36.407252    -4.828765    443.6
41    36.256782    -4.878698    259.5
41    36.382174    -4.891182    262.0
42    36.493955    -4.829204    298.9
42    36.669492    -4.816716    320.7
42    36.493955    -4.879154    394.1
42    36.719645    -4.891641    225.8
43    36.806180    -4.829199    302.8
43    36.956300    -4.804230    358.8
43    36.806180    -4.866651    361.1
43    37.006340    -4.866651    345.2
44    37.192439    -4.828970    427.9
44    37.292242    -4.828970    312.6
44    37.167488    -4.891337    218.4
44    37.292242    -4.866390    327.9
45    35.608580    -4.991630    393.8
45    35.708420    -4.991630    298.7
45    35.583620    -5.053897    358.6
45    35.758340    -5.053897    304.0
46    35.869365    -4.967692    372.8
46    36.044528    -4.992614    293.6
46    35.894388    -5.054918    385.0
46    36.019505    -5.042457    211.3
47    36.231635    -4.980855    285.3
47    36.407166    -4.980855    356.2
47    36.181484    -5.030735    442.2
47    36.357015    -5.030735    247.0
48    36.493525    -4.968932    266.4
48    36.643985    -4.968932    345.2
48    36.568755    -5.043792    377.8
48    36.694138    -5.031315    339.0
49    36.881131    -4.981212    511.1
49    36.981221    -4.981212    274.2
49    36.856109    -5.068496    207.3
49    36.981221    -5.056027    378.0
50    37.192421    -4.968316    258.9
50    37.267309    -4.980774    292.8
50    37.142496    -5.030608    487.6
50    37.292271    -5.043066    295.7
51    35.714208    -5.143893    448.4
51    35.864157    -5.156340    425.0
51    35.739199    -5.218573    303.1
51    35.864157    -5.206127    324.5
52    36.075583    -5.157258    313.2
52    36.175770    -5.132361    398.2
52    36.050537    -5.207051    554.4
52    36.175770    -5.194602    386.8
53    36.337645    -5.145381    326.4
53    36.563335    -5.157832    283.6
53    36.412875    -5.195188    278.5
53    36.513182    -5.207639    231.0
54    36.674869    -5.133291    290.4
54    36.875249    -5.158196    432.7
54    36.649821    -5.195554    365.2
54    36.825154    -5.195554    272.1
55    37.036615    -5.132927    409.6
55    37.186555    -5.132927    430.0
55    36.961645    -5.220053    381.0
55    37.161565    -5.220053    307.7
56    35.919858    -5.320920    305.8
56    36.094934    -5.296040    341.6
56    35.944869    -5.383120    386.1
56    36.044912    -5.370680    390.4
57    36.206368    -5.296887    390.9
57    36.381782    -5.296887    278.7
57    36.231427    -5.371472    407.7
57    36.381782    -5.359041    307.1
58    36.568683    -5.322326    345.0
58    36.693974    -5.309894    300.1
58    36.568683    -5.384489    293.7
58    36.719032    -5.359624    283.1
59    36.830492    -5.297241    423.7
59    37.030659    -5.297241    430.0
59    36.855513    -5.359404    466.7
59    37.030659    -5.371836    395.5
60    36.050720    -5.485337    432.1
60    36.200935    -5.485337    450.7
60    36.075755    -5.522642    597.1
60    36.200935    -5.522642    587.4
61    36.337499    -5.461046    258.4
61    36.537919    -5.461046    124.1
61    36.337499    -5.560426    163.6
61    36.537919    -5.560426    122.2
62    36.699624    -5.461326    423.0
62    36.874893    -5.461326    425.0
62    36.724663    -5.548284    381.0
62    36.799777    -5.535861    461.4
